------K-Means Experiment-------
adjusted_rand_score: 0.993424
FMI: 0.986693
Silhouette: 0.393411
 CHI: 610.098391
------End------