------K-Means Experiment-------
adjusted_rand_score: 0.993424
FMI: 0.993424
Silhouette: 0.393228
 CHI: 610.597149
------End------